matrixA-bp
1.000 0.167 0.250 0.333 0.143 0.200 0.500
6.000 1.000 1.500 2.000 0.857 1.200 3.000
4.000 0.667 1.000 1.333 0.571 0.800 2.000
3.000 0.500 0.750 1.000 0.429 0.600 1.500
7.000 1.167 1.750 2.333 1.000 1.400 3.500
5.000 0.833 1.250 1.667 0.714 1.000 2.500
2.000 0.333 0.500 0.667 0.286 0.400 1.000
matrixA-nut
1.000 0.333 0.250 0.500
3.000 1.000 0.750 1.500
4.000 1.333 1.000 2.000
2.000 0.667 0.500 1.000
matrixA-hm
1.000 1.250 1.667 2.500 5.000
0.800 1.000 1.333 2.000 4.000
0.600 0.750 1.000 1.500 3.000
0.400 0.500 0.667 1.000 2.000
0.200 0.250 0.333 0.500 1.000
